48.57919075 21.42857115 633.455
48.57919075 21.44429854 802.794
48.56878613 20.71631342 556.527
48.56878613 20.74776134 545.165
48.56878613 20.76348530 544.324
48.56878613 21.42389150 584.946
48.56878613 21.43961546 739.694
48.56878613 21.45533941 741.710
48.55838150 20.66462874 488.620
48.55838150 20.68034926 510.764
48.55838150 20.69606979 576.265
48.55838150 20.71179031 556.395
48.55838150 20.72751084 574.762
48.55838150 20.91615712 243.477
48.55838150 21.34061127 258.431
48.55838150 21.35633180 312.209
48.55838150 21.37205232 526.487
48.55838150 21.38777284 520.364
48.55838150 21.40349337 562.770
48.55838150 21.41921389 598.280
48.55838150 21.43493442 631.507
48.55838150 21.45065494 598.073
48.55838150 21.46637546 620.399
48.54797688 20.62958403 489.706
48.54797688 20.64530181 411.367
48.54797688 20.66101958 418.702
48.54797688 20.67673736 419.534
48.54797688 20.69245514 428.028
48.54797688 20.70817292 331.661
48.54797688 20.86535071 244.840
48.54797688 20.88106848 311.997
48.54797688 20.89678626 317.044
48.54797688 20.91250404 304.684
48.54797688 20.92822182 273.226
48.54797688 21.33688406 245.926
48.54797688 21.35260184 267.916
48.54797688 21.36831962 447.749
48.54797688 21.38403740 539.329
48.54797688 21.39975518 443.217
48.54797688 21.41547296 392.222
48.54797688 21.43119073 551.477
48.54797688 21.44690851 490.171
48.54797688 21.46262629 531.862
48.53757225 20.54650988 538.264
48.53757225 20.56222423 490.338
48.53757225 20.57793858 538.745
48.53757225 20.59365292 467.905
48.53757225 20.60936727 469.432
48.53757225 20.62508162 358.912
48.53757225 20.64079597 392.450